################################################################################
# Energy vs. volume comparison.
################################################################################
# Col  Name        Description
################################################################################
# 1    V_atom      Volume per atom.
# 2    Eref_atom   Reference energy per atom.
# 3    N           Number of atoms.
# 4    V           Volume of structure.
# 5    Eref        Reference energy of structure.
# 6    Eref_offset Reference energy of structure (including offset).
###############################################################################################
#              1                2          3                4                5                6
#         V_atom        Eref_atom          N                V             Eref      Eref_offset
###############################################################################################
  9.45013157E+00  -1.29513310E+01        168   1.58762210E+03  -2.17582361E+03  -3.27554236E+04
  9.45013157E+00  -7.91443466E+00        168   1.58762210E+03  -1.32962502E+03  -3.19092250E+04
  9.45013157E+00  -6.08820265E+00        168   1.58762210E+03  -1.02281805E+03  -3.16024180E+04
  9.45013157E+00  -5.79657999E+00        168   1.58762210E+03  -9.73825438E+02  -3.15534254E+04
  9.45013157E+00  -6.61599898E+00        168   1.58762210E+03  -1.11148783E+03  -3.16910878E+04
  9.45013157E+00  -5.17110710E+00        168   1.58762210E+03  -8.68745993E+02  -3.14483460E+04
  9.45013157E+00  -3.73671351E+00        168   1.58762210E+03  -6.27767870E+02  -3.12073679E+04
  9.45013157E+00  -1.77530174E+00        168   1.58762210E+03  -2.98250693E+02  -3.08778507E+04
  9.45013157E+00  -1.85786194E+00        168   1.58762210E+03  -3.12120806E+02  -3.08917208E+04
  9.45013157E+00  -3.20092334E+00        168   1.58762210E+03  -5.37755121E+02  -3.11173551E+04
  9.45013157E+00  -3.16879533E+00        168   1.58762210E+03  -5.32357615E+02  -3.11119576E+04
  9.45013157E+00  -8.74058271E-01        168   1.58762210E+03  -1.46841789E+02  -3.07264418E+04
  9.45013157E+00  -1.01262006E+00        168   1.58762210E+03  -1.70120169E+02  -3.07497202E+04
  9.45013157E+00  -1.14406031E+00        168   1.58762210E+03  -1.92202133E+02  -3.07718021E+04
  9.45013157E+00  -1.23941617E+00        168   1.58762210E+03  -2.08221916E+02  -3.07878219E+04
  9.45013157E+00  -1.80244333E+00        168   1.58762210E+03  -3.02810479E+02  -3.08824105E+04
  9.45013157E+00   8.26300717E-01        168   1.58762210E+03   1.38818521E+02  -3.04407815E+04
  9.45013157E+00   8.36831826E-01        168   1.58762210E+03   1.40587747E+02  -3.04390123E+04
  9.45013157E+00  -4.74391733E-02        168   1.58762210E+03  -7.96978111E+00  -3.05875698E+04
  9.45013157E+00   8.34242842E-01        168   1.58762210E+03   1.40152798E+02  -3.04394472E+04
  9.45013157E+00   1.78844207E-01        168   1.58762210E+03   3.00458268E+01  -3.05495542E+04
  9.45013157E+00  -3.15111449E-01        168   1.58762210E+03  -5.29387235E+01  -3.06325387E+04
  9.45013157E+00   1.99715836E-01        168   1.58762210E+03   3.35522604E+01  -3.05460477E+04
  9.45013157E+00  -1.51677032E+00        168   1.58762210E+03  -2.54817414E+02  -3.08344174E+04
  9.45013157E+00  -7.05747165E-02        168   1.58762210E+03  -1.18565524E+01  -3.05914566E+04
  9.45013157E+00  -7.38002499E-01        168   1.58762210E+03  -1.23984420E+02  -3.07035844E+04
  9.45013157E+00  -2.02387197E+00        168   1.58762210E+03  -3.40010491E+02  -3.09196105E+04
  9.45013157E+00   4.84367062E-01        168   1.58762210E+03   8.13736664E+01  -3.04982263E+04
  9.45013157E+00  -4.01759235E-01        168   1.58762210E+03  -6.74955515E+01  -3.06470956E+04
  9.45013157E+00  -1.09206343E+00        168   1.58762210E+03  -1.83466656E+02  -3.07630667E+04
  9.45013157E+00  -6.10235259E-01        168   1.58762210E+03  -1.02519523E+02  -3.06821195E+04
  9.45013157E+00  -1.79911487E+00        168   1.58762210E+03  -3.02251298E+02  -3.08818513E+04
  9.45013157E+00  -5.71973371E-02        168   1.58762210E+03  -9.60915263E+00  -3.05892092E+04
  9.45013157E+00  -1.51102984E-01        168   1.58762210E+03  -2.53853013E+01  -3.06049853E+04
  9.45013157E+00  -5.07702899E-01        168   1.58762210E+03  -8.52940870E+01  -3.06648941E+04
  9.45013157E+00  -6.73777061E-01        168   1.58762210E+03  -1.13194546E+02  -3.06927945E+04
  9.45013157E+00  -2.19592025E+00        168   1.58762210E+03  -3.68914602E+02  -3.09485146E+04
  9.45013157E+00  -1.11287686E+00        168   1.58762210E+03  -1.86963313E+02  -3.07665633E+04
  9.45013157E+00  -1.95261521E-01        168   1.58762210E+03  -3.28039356E+01  -3.06124039E+04
  9.45013157E+00  -1.10080697E+00        168   1.58762210E+03  -1.84935571E+02  -3.07645356E+04
  9.45013157E+00   2.13954902E-01        168   1.58762210E+03   3.59444236E+01  -3.05436556E+04
  9.45013157E+00  -1.52548562E+00        168   1.58762210E+03  -2.56281584E+02  -3.08358816E+04
  9.45013157E+00  -1.27379211E-01        168   1.58762210E+03  -2.13997075E+01  -3.06009997E+04
  9.45013157E+00  -3.41608270E-01        168   1.58762210E+03  -5.73901894E+01  -3.06369902E+04
  9.45013157E+00  -1.64381638E+00        168   1.58762210E+03  -2.76161151E+02  -3.08557612E+04
  9.45013157E+00  -2.06741111E+00        168   1.58762210E+03  -3.47325066E+02  -3.09269251E+04
  9.45013157E+00  -2.34105350E+00        168   1.58762210E+03  -3.93296987E+02  -3.09728970E+04
  9.45013157E+00  -3.54757736E+00        168   1.58762210E+03  -5.95992997E+02  -3.11755930E+04
  9.45013157E+00  -2.26291293E+00        168   1.58762210E+03  -3.80169373E+02  -3.09597694E+04
  9.45013157E+00  -2.22402461E+00        168   1.58762210E+03  -3.73636134E+02  -3.09532361E+04
  9.45013157E+00  -2.69481946E+00        168   1.58762210E+03  -4.52729670E+02  -3.10323297E+04
  9.45013157E+00  -2.80862629E+00        168   1.58762210E+03  -4.71849217E+02  -3.10514492E+04
  9.45013157E+00  -1.98214430E+00        168   1.58762210E+03  -3.33000242E+02  -3.09126002E+04
  9.45013157E+00  -3.02259817E+00        168   1.58762210E+03  -5.07796493E+02  -3.10873965E+04
  9.45013157E+00  -1.30789229E+00        168   1.58762210E+03  -2.19725904E+02  -3.07993259E+04
  9.45013157E+00  -2.01568277E+00        168   1.58762210E+03  -3.38634705E+02  -3.09182347E+04
  9.45013157E+00  -1.91625664E+00        168   1.58762210E+03  -3.21931116E+02  -3.09015311E+04
  9.45013157E+00  -1.97667338E+00        168   1.58762210E+03  -3.32081127E+02  -3.09116811E+04
  9.45013157E+00  -3.39990151E+00        168   1.58762210E+03  -5.71183454E+02  -3.11507835E+04
  9.45013157E+00  -2.68688855E+00        168   1.58762210E+03  -4.51397276E+02  -3.10309973E+04
  9.45013157E+00  -2.55309574E+00        168   1.58762210E+03  -4.28920084E+02  -3.10085201E+04
  9.45013157E+00  -1.37254959E+00        168   1.58762210E+03  -2.30588332E+02  -3.08101883E+04
  9.45013157E+00  -2.27390733E+00        168   1.58762210E+03  -3.82016431E+02  -3.09616164E+04
  9.45013157E+00  -1.13922745E+00        168   1.58762210E+03  -1.91390212E+02  -3.07709902E+04
  9.45013157E+00  -2.72389215E+00        168   1.58762210E+03  -4.57613881E+02  -3.10372139E+04
  9.45013157E+00  -3.98202458E+00        168   1.58762210E+03  -6.68980130E+02  -3.12485801E+04
  9.45013157E+00  -4.11052960E+00        168   1.58762210E+03  -6.90568974E+02  -3.12701690E+04
  9.45013157E+00  -4.33104465E+00        168   1.58762210E+03  -7.27615502E+02  -3.13072155E+04
  9.45013157E+00  -2.98372598E+00        168   1.58762210E+03  -5.01265964E+02  -3.10808660E+04
  9.45013157E+00  -4.39522962E+00        168   1.58762210E+03  -7.38398577E+02  -3.13179986E+04
  9.45013157E+00  -4.74106049E+00        168   1.58762210E+03  -7.96498163E+02  -3.13760982E+04
  9.45013157E+00  -4.06693975E+00        168   1.58762210E+03  -6.83245877E+02  -3.12628459E+04
  9.45013157E+00  -4.01137962E+00        168   1.58762210E+03  -6.73911775E+02  -3.12535118E+04
  9.45013157E+00  -4.11877951E+00        168   1.58762210E+03  -6.91954958E+02  -3.12715550E+04
  9.45013157E+00  -5.06220449E+00        168   1.58762210E+03  -8.50450353E+02  -3.14300504E+04
  9.45013157E+00  -3.53484206E+00        168   1.58762210E+03  -5.93853465E+02  -3.11734535E+04
  9.45013157E+00  -3.50880253E+00        168   1.58762210E+03  -5.89478825E+02  -3.11690788E+04
  9.45013157E+00  -3.19484521E+00        168   1.58762210E+03  -5.36733995E+02  -3.11163340E+04
  9.45013157E+00  -1.99465517E+00        168   1.58762210E+03  -3.35102068E+02  -3.09147021E+04
  9.45013157E+00  -3.15165226E+00        168   1.58762210E+03  -5.29477580E+02  -3.11090776E+04
  9.45013157E+00  -3.01280453E+00        168   1.58762210E+03  -5.06151162E+02  -3.10857512E+04
  9.45013157E+00  -3.49585895E+00        168   1.58762210E+03  -5.87304303E+02  -3.11669043E+04
  9.45013157E+00  -4.45396144E+00        168   1.58762210E+03  -7.48265522E+02  -3.13278655E+04
  9.45013157E+00  -4.22481343E+00        168   1.58762210E+03  -7.09768657E+02  -3.12893687E+04
  9.45013157E+00  -4.72058229E+00        168   1.58762210E+03  -7.93057824E+02  -3.13726578E+04
  9.45013157E+00  -3.67054788E+00        168   1.58762210E+03  -6.16652044E+02  -3.11962520E+04
  9.45013157E+00  -4.12931588E+00        168   1.58762210E+03  -6.93725068E+02  -3.12733251E+04
  9.45013157E+00  -4.76914562E+00        168   1.58762210E+03  -8.01216465E+02  -3.13808165E+04
  9.45013157E+00  -4.06367083E+00        168   1.58762210E+03  -6.82696700E+02  -3.12622967E+04
  9.45013157E+00  -2.94548636E+00        168   1.58762210E+03  -4.94841709E+02  -3.10744417E+04
  9.45013157E+00  -3.51090352E+00        168   1.58762210E+03  -5.89831791E+02  -3.11694318E+04
  9.45013157E+00  -3.87624486E+00        168   1.58762210E+03  -6.51209137E+02  -3.12308091E+04
  9.45013157E+00  -3.88084269E+00        168   1.58762210E+03  -6.51981572E+02  -3.12315816E+04
  9.45013157E+00  -2.96078236E+00        168   1.58762210E+03  -4.97411436E+02  -3.10770114E+04
  9.45013157E+00  -2.96174419E+00        168   1.58762210E+03  -4.97573024E+02  -3.10771730E+04
  9.45013157E+00  -4.08082435E+00        168   1.58762210E+03  -6.85578491E+02  -3.12651785E+04
  9.45013157E+00  -4.01243432E+00        168   1.58762210E+03  -6.74088966E+02  -3.12536890E+04
  9.45013157E+00  -3.64242297E+00        168   1.58762210E+03  -6.11927059E+02  -3.11915271E+04
  9.45013157E+00  -4.32665628E+00        168   1.58762210E+03  -7.26878256E+02  -3.13064783E+04
  9.45013157E+00  -5.19663588E+00        168   1.58762210E+03  -8.73034828E+02  -3.14526348E+04
  9.45013157E+00  -4.77133831E+00        168   1.58762210E+03  -8.01584836E+02  -3.13811848E+04
  9.45013157E+00  -5.51851553E+00        168   1.58762210E+03  -9.27110609E+02  -3.15067106E+04
  9.45013157E+00  -4.02652948E+00        168   1.58762210E+03  -6.76456953E+02  -3.12560570E+04
  9.45013157E+00  -4.25376606E+00        168   1.58762210E+03  -7.14632698E+02  -3.12942327E+04
  9.45013157E+00  -4.22241398E+00        168   1.58762210E+03  -7.09365549E+02  -3.12889655E+04
  9.45013157E+00  -5.25582903E+00        168   1.58762210E+03  -8.82979277E+02  -3.14625793E+04
  9.45013157E+00  -4.97196353E+00        168   1.58762210E+03  -8.35289873E+02  -3.14148899E+04
  9.45013157E+00  -4.85629815E+00        168   1.58762210E+03  -8.15858090E+02  -3.13954581E+04
  9.45013157E+00  -3.31842408E+00        168   1.58762210E+03  -5.57495246E+02  -3.11370952E+04
  9.45013157E+00  -4.41043215E+00        168   1.58762210E+03  -7.40952602E+02  -3.13205526E+04
  9.45013157E+00  -5.46443968E+00        168   1.58762210E+03  -9.18025866E+02  -3.14976259E+04
  9.45013157E+00  -4.02403600E+00        168   1.58762210E+03  -6.76038049E+02  -3.12556380E+04
  9.45013157E+00  -2.38656432E+00        168   1.58762210E+03  -4.00942805E+02  -3.09805428E+04
  9.45013157E+00  -4.17919450E+00        168   1.58762210E+03  -7.02104676E+02  -3.12817047E+04
  9.45013157E+00  -4.27864091E+00        168   1.58762210E+03  -7.18811672E+02  -3.12984117E+04
  9.45013157E+00  -3.30543140E+00        168   1.58762210E+03  -5.55312475E+02  -3.11349125E+04
  9.45013157E+00  -2.89902419E+00        168   1.58762210E+03  -4.87036064E+02  -3.10666361E+04
  9.45013157E+00  -3.46418525E+00        168   1.58762210E+03  -5.81983122E+02  -3.11615831E+04
  9.45013157E+00  -4.13728267E+00        168   1.58762210E+03  -6.95063488E+02  -3.12746635E+04
  9.45013157E+00  -4.52484247E+00        168   1.58762210E+03  -7.60173534E+02  -3.13397735E+04
  9.45013157E+00  -3.60864021E+00        168   1.58762210E+03  -6.06251556E+02  -3.11858516E+04
  9.45013157E+00  -4.21443568E+00        168   1.58762210E+03  -7.08025195E+02  -3.12876252E+04
  9.45013157E+00  -3.55087230E+00        168   1.58762210E+03  -5.96546546E+02  -3.11761465E+04
  9.45013157E+00  -4.20855046E+00        168   1.58762210E+03  -7.07036478E+02  -3.12866365E+04
  9.45013157E+00  -3.52559062E+00        168   1.58762210E+03  -5.92299225E+02  -3.11718992E+04
  9.45013157E+00  -3.37330181E+00        168   1.58762210E+03  -5.66714704E+02  -3.11463147E+04
  9.45013157E+00  -3.79384844E+00        168   1.58762210E+03  -6.37366538E+02  -3.12169665E+04
  9.45013157E+00  -3.85853563E+00        168   1.58762210E+03  -6.48233986E+02  -3.12278340E+04
  9.45013157E+00  -3.87465222E+00        168   1.58762210E+03  -6.50941573E+02  -3.12305416E+04
  9.45013157E+00  -3.92149887E+00        168   1.58762210E+03  -6.58811810E+02  -3.12384118E+04
  9.45013157E+00  -4.43424105E+00        168   1.58762210E+03  -7.44952497E+02  -3.13245525E+04
  9.45013157E+00  -4.88818558E+00        168   1.58762210E+03  -8.21215177E+02  -3.14008152E+04
  9.45013157E+00  -5.62310135E+00        168   1.58762210E+03  -9.44681027E+02  -3.15242810E+04
  9.45013157E+00  -4.77086614E+00        168   1.58762210E+03  -8.01505511E+02  -3.13811055E+04
  9.45013157E+00  -3.82936275E+00        168   1.58762210E+03  -6.43332941E+02  -3.12229329E+04
  9.45013157E+00  -4.21694882E+00        168   1.58762210E+03  -7.08447401E+02  -3.12880474E+04
  9.45013157E+00  -4.96576020E+00        168   1.58762210E+03  -8.34247713E+02  -3.14138477E+04
  9.45013157E+00  -4.57981097E+00        168   1.58762210E+03  -7.69408243E+02  -3.13490082E+04
  9.45013157E+00  -3.78571812E+00        168   1.58762210E+03  -6.36000644E+02  -3.12156006E+04
  9.45013157E+00  -4.73786893E+00        168   1.58762210E+03  -7.95961981E+02  -3.13755620E+04
  9.45013157E+00  -3.56550015E+00        168   1.58762210E+03  -5.99004025E+02  -3.11786040E+04
  9.45013157E+00  -3.92022156E+00        168   1.58762210E+03  -6.58597222E+02  -3.12381972E+04
  9.45013157E+00  -4.61903408E+00        168   1.58762210E+03  -7.75997725E+02  -3.13555977E+04
  9.45013157E+00  -4.78016042E+00        168   1.58762210E+03  -8.03066950E+02  -3.13826670E+04
  9.45013157E+00  -4.27782472E+00        168   1.58762210E+03  -7.18674552E+02  -3.12982746E+04
  9.45013157E+00  -3.32165051E+00        168   1.58762210E+03  -5.58037286E+02  -3.11376373E+04
  9.45013157E+00  -3.28217485E+00        168   1.58762210E+03  -5.51405375E+02  -3.11310054E+04
  9.45013157E+00  -4.22817069E+00        168   1.58762210E+03  -7.10332676E+02  -3.12899327E+04
  9.45013157E+00  -4.07287108E+00        168   1.58762210E+03  -6.84242341E+02  -3.12638423E+04
  9.45013157E+00  -4.19349704E+00        168   1.58762210E+03  -7.04507503E+02  -3.12841075E+04
  9.45013157E+00  -4.50184941E+00        168   1.58762210E+03  -7.56310701E+02  -3.13359107E+04
  9.45013157E+00  -4.77443143E+00        168   1.58762210E+03  -8.02104480E+02  -3.13817045E+04
  9.45013157E+00  -4.35922450E+00        168   1.58762210E+03  -7.32349716E+02  -3.13119497E+04
  9.45013157E+00  -4.87167047E+00        168   1.58762210E+03  -8.18440639E+02  -3.13980406E+04
  9.45013157E+00  -4.35990604E+00        168   1.58762210E+03  -7.32464214E+02  -3.13120642E+04
  9.45013157E+00  -3.65326419E+00        168   1.58762210E+03  -6.13748384E+02  -3.11933484E+04
  9.45013157E+00  -4.13702194E+00        168   1.58762210E+03  -6.95019686E+02  -3.12746197E+04
  9.45013157E+00  -5.31873199E+00        168   1.58762210E+03  -8.93546975E+02  -3.14731470E+04
  9.45013157E+00  -4.19626608E+00        168   1.58762210E+03  -7.04972701E+02  -3.12845727E+04
  9.45013157E+00  -4.96561790E+00        168   1.58762210E+03  -8.34223808E+02  -3.14138238E+04
  9.45013157E+00  -4.87688412E+00        168   1.58762210E+03  -8.19316532E+02  -3.13989165E+04
  9.45013157E+00  -4.62287144E+00        168   1.58762210E+03  -7.76642402E+02  -3.13562424E+04
  9.45013157E+00  -5.15416302E+00        168   1.58762210E+03  -8.65899387E+02  -3.14454994E+04
  9.45013157E+00  -4.65944013E+00        168   1.58762210E+03  -7.82785941E+02  -3.13623859E+04
  9.45013157E+00  -4.79250915E+00        168   1.58762210E+03  -8.05141538E+02  -3.13847415E+04
  9.45013157E+00  -5.17330450E+00        168   1.58762210E+03  -8.69115156E+02  -3.14487152E+04
  9.45013157E+00  -4.03946703E+00        168   1.58762210E+03  -6.78630461E+02  -3.12582305E+04
  9.45013157E+00  -5.16397935E+00        168   1.58762210E+03  -8.67548530E+02  -3.14471485E+04
  9.45013157E+00  -4.20926265E+00        168   1.58762210E+03  -7.07156125E+02  -3.12867561E+04
  9.45013157E+00  -4.46707063E+00        168   1.58762210E+03  -7.50467865E+02  -3.13300679E+04
  9.45013157E+00  -4.91876801E+00        168   1.58762210E+03  -8.26353025E+02  -3.14059530E+04
  9.45013157E+00  -5.39845038E+00        168   1.58762210E+03  -9.06939664E+02  -3.14865397E+04
  9.45013157E+00  -5.50627012E+00        168   1.58762210E+03  -9.25053379E+02  -3.15046534E+04
  9.45013157E+00  -5.50691179E+00        168   1.58762210E+03  -9.25161181E+02  -3.15047612E+04
  9.45013157E+00  -4.66551783E+00        168   1.58762210E+03  -7.83806995E+02  -3.13634070E+04
  9.45013157E+00  -4.60997070E+00        168   1.58762210E+03  -7.74475077E+02  -3.13540751E+04
  9.45013157E+00  -4.83323606E+00        168   1.58762210E+03  -8.11983658E+02  -3.13915837E+04
  9.45013157E+00  -5.64081215E+00        168   1.58762210E+03  -9.47656441E+02  -3.15272564E+04
  9.45013157E+00  -5.04064242E+00        168   1.58762210E+03  -8.46827927E+02  -3.14264279E+04
  9.45013157E+00  -4.98998146E+00        168   1.58762210E+03  -8.38316886E+02  -3.14179169E+04
  9.45013157E+00  -5.16631951E+00        168   1.58762210E+03  -8.67941678E+02  -3.14475417E+04
  9.45013157E+00  -5.29665797E+00        168   1.58762210E+03  -8.89838539E+02  -3.14694385E+04
  9.45013157E+00  -4.56895734E+00        168   1.58762210E+03  -7.67584833E+02  -3.13471848E+04
  9.45013157E+00  -5.66155075E+00        168   1.58762210E+03  -9.51140525E+02  -3.15307405E+04
  9.45013157E+00  -5.23537536E+00        168   1.58762210E+03  -8.79543061E+02  -3.14591431E+04
  9.45013157E+00  -5.08243802E+00        168   1.58762210E+03  -8.53849587E+02  -3.14334496E+04
  9.45013157E+00  -4.77558090E+00        168   1.58762210E+03  -8.02297591E+02  -3.13818976E+04
  9.45013157E+00  -5.39258461E+00        168   1.58762210E+03  -9.05954215E+02  -3.14855542E+04
  9.45013157E+00  -4.19656803E+00        168   1.58762210E+03  -7.05023429E+02  -3.12846234E+04
  9.45013157E+00  -5.60468936E+00        168   1.58762210E+03  -9.41587813E+02  -3.15211878E+04
  9.45013157E+00  -4.47076849E+00        168   1.58762210E+03  -7.51089107E+02  -3.13306891E+04
  9.45013157E+00  -5.59685425E+00        168   1.58762210E+03  -9.40271513E+02  -3.15198715E+04
  9.45013157E+00  -5.35269095E+00        168   1.58762210E+03  -8.99252080E+02  -3.14788521E+04
  9.45013157E+00  -4.84288146E+00        168   1.58762210E+03  -8.13604086E+02  -3.13932041E+04
  9.45013157E+00  -6.51161823E+00        168   1.58762210E+03  -1.09395186E+03  -3.16735519E+04
  9.45013157E+00  -4.92846924E+00        168   1.58762210E+03  -8.27982832E+02  -3.14075828E+04
  9.45013157E+00  -5.84256788E+00        168   1.58762210E+03  -9.81551403E+02  -3.15611514E+04
  9.45013157E+00  -5.10367024E+00        168   1.58762210E+03  -8.57416601E+02  -3.14370166E+04
  9.45013157E+00  -5.44361303E+00        168   1.58762210E+03  -9.14526989E+02  -3.14941270E+04
  9.45013157E+00  -5.47017648E+00        168   1.58762210E+03  -9.18989648E+02  -3.14985896E+04
  9.45013157E+00  -5.29565562E+00        168   1.58762210E+03  -8.89670144E+02  -3.14692701E+04
  9.45013157E+00  -6.19529997E+00        168   1.58762210E+03  -1.04081039E+03  -3.16204104E+04
  9.45013157E+00  -5.89951622E+00        168   1.58762210E+03  -9.91118725E+02  -3.15707187E+04
  9.45013157E+00  -5.50511818E+00        168   1.58762210E+03  -9.24859854E+02  -3.15044599E+04
  9.45013157E+00  -5.00870619E+00        168   1.58762210E+03  -8.41462640E+02  -3.14210626E+04
  9.45013157E+00  -6.06734869E+00        168   1.58762210E+03  -1.01931458E+03  -3.15989146E+04
  9.45013157E+00  -5.17710689E+00        168   1.58762210E+03  -8.69753958E+02  -3.14493540E+04
  9.45013157E+00  -3.45293677E+00        168   1.58762210E+03  -5.80093378E+02  -3.11596934E+04
  9.45013157E+00  -5.21543346E+00        168   1.58762210E+03  -8.76192822E+02  -3.14557928E+04
  9.45013157E+00  -4.70480493E+00        168   1.58762210E+03  -7.90407229E+02  -3.13700072E+04
  9.45013157E+00  -5.02714515E+00        168   1.58762210E+03  -8.44560385E+02  -3.14241604E+04
  9.45013157E+00  -4.44331039E+00        168   1.58762210E+03  -7.46476146E+02  -3.13260761E+04
  9.45013157E+00  -5.44083655E+00        168   1.58762210E+03  -9.14060541E+02  -3.14936605E+04
  9.45013157E+00  -5.28394325E+00        168   1.58762210E+03  -8.87702466E+02  -3.14673025E+04
  9.45013157E+00  -6.23978327E+00        168   1.58762210E+03  -1.04828359E+03  -3.16278836E+04
  9.45013157E+00  -5.43931105E+00        168   1.58762210E+03  -9.13804256E+02  -3.14934043E+04
  9.45013157E+00  -4.88030970E+00        168   1.58762210E+03  -8.19892030E+02  -3.13994920E+04
  9.45013157E+00  -5.14815028E+00        168   1.58762210E+03  -8.64889248E+02  -3.14444892E+04
  9.45013157E+00  -5.10333352E+00        168   1.58762210E+03  -8.57360032E+02  -3.14369600E+04
  9.45013157E+00  -5.77127933E+00        168   1.58762210E+03  -9.69574928E+02  -3.15491749E+04
  9.45013157E+00  -5.81332860E+00        168   1.58762210E+03  -9.76639204E+02  -3.15562392E+04
  9.45013157E+00  -4.74786543E+00        168   1.58762210E+03  -7.97641393E+02  -3.13772414E+04
  9.45013157E+00  -6.20672421E+00        168   1.58762210E+03  -1.04272967E+03  -3.16223297E+04
  9.45013157E+00  -5.35491108E+00        168   1.58762210E+03  -8.99625062E+02  -3.14792251E+04
  9.45013157E+00  -6.05823587E+00        168   1.58762210E+03  -1.01778363E+03  -3.15973836E+04
  9.45013157E+00  -5.25428828E+00        168   1.58762210E+03  -8.82720432E+02  -3.14623204E+04
  9.45013157E+00  -4.03097429E+00        168   1.58762210E+03  -6.77203681E+02  -3.12568037E+04
  9.45013157E+00  -4.97634055E+00        168   1.58762210E+03  -8.36025213E+02  -3.14156252E+04
  9.45013157E+00  -5.24201490E+00        168   1.58762210E+03  -8.80658504E+02  -3.14602585E+04
  9.45013157E+00  -5.56276364E+00        168   1.58762210E+03  -9.34544292E+02  -3.15141443E+04
  9.45013157E+00  -6.22462694E+00        168   1.58762210E+03  -1.04573733E+03  -3.16253373E+04
  9.45013157E+00  -5.55325907E+00        168   1.58762210E+03  -9.32947523E+02  -3.15125475E+04
  9.45013157E+00  -4.86076040E+00        168   1.58762210E+03  -8.16607747E+02  -3.13962077E+04
  9.45013157E+00  -5.45523431E+00        168   1.58762210E+03  -9.16479364E+02  -3.14960794E+04
  9.45013157E+00  -5.25239086E+00        168   1.58762210E+03  -8.82401665E+02  -3.14620017E+04
  9.45013157E+00  -5.64708635E+00        168   1.58762210E+03  -9.48710506E+02  -3.15283105E+04
  9.45013157E+00  -5.64815972E+00        168   1.58762210E+03  -9.48890833E+02  -3.15284908E+04
  9.45013157E+00  -4.94000483E+00        168   1.58762210E+03  -8.29920811E+02  -3.14095208E+04
  9.45013157E+00  -5.67973873E+00        168   1.58762210E+03  -9.54196107E+02  -3.15337961E+04
  9.45013157E+00  -5.16024672E+00        168   1.58762210E+03  -8.66921449E+02  -3.14465214E+04
  9.45013157E+00  -4.69171523E+00        168   1.58762210E+03  -7.88208158E+02  -3.13678082E+04
  9.45013157E+00  -5.77412079E+00        168   1.58762210E+03  -9.70052292E+02  -3.15496523E+04
  9.45013157E+00  -5.54902134E+00        168   1.58762210E+03  -9.32235584E+02  -3.15118356E+04
  9.45013157E+00  -5.72605886E+00        168   1.58762210E+03  -9.61977888E+02  -3.15415779E+04
  9.45013157E+00  -6.13857334E+00        168   1.58762210E+03  -1.03128032E+03  -3.16108803E+04
  9.45013157E+00  -5.16681038E+00        168   1.58762210E+03  -8.68024144E+02  -3.14476241E+04
  9.45013157E+00  -4.50404159E+00        168   1.58762210E+03  -7.56678988E+02  -3.13362790E+04
  9.45013157E+00  -5.18498412E+00        168   1.58762210E+03  -8.71077332E+02  -3.14506773E+04
  9.45013157E+00  -6.03588580E+00        168   1.58762210E+03  -1.01402881E+03  -3.15936288E+04
  9.45013157E+00  -5.08566263E+00        168   1.58762210E+03  -8.54391322E+02  -3.14339913E+04
  9.45013157E+00  -5.30957213E+00        168   1.58762210E+03  -8.92008119E+02  -3.14716081E+04
  9.45013157E+00  -4.83611046E+00        168   1.58762210E+03  -8.12466557E+02  -3.13920666E+04
  9.45013157E+00  -5.06218065E+00        168   1.58762210E+03  -8.50446350E+02  -3.14300463E+04
  9.45013157E+00  -4.45929183E+00        168   1.58762210E+03  -7.49161028E+02  -3.13287610E+04
  9.45013157E+00  -5.68654258E+00        168   1.58762210E+03  -9.55339154E+02  -3.15349392E+04
  9.45013157E+00  -4.97605942E+00        168   1.58762210E+03  -8.35977983E+02  -3.14155780E+04
  9.45013157E+00  -6.21551832E+00        168   1.58762210E+03  -1.04420708E+03  -3.16238071E+04
  9.45013157E+00  -5.72419745E+00        168   1.58762210E+03  -9.61665172E+02  -3.15412652E+04
  9.45013157E+00  -4.63434976E+00        168   1.58762210E+03  -7.78570760E+02  -3.13581708E+04
  9.45013157E+00  -5.10640492E+00        168   1.58762210E+03  -8.57876027E+02  -3.14374760E+04
  9.45013157E+00  -5.23779536E+00        168   1.58762210E+03  -8.79949621E+02  -3.14595496E+04
  9.45013157E+00  -5.73142162E+00        168   1.58762210E+03  -9.62878832E+02  -3.15424788E+04
  9.45013157E+00  -6.18353573E+00        168   1.58762210E+03  -1.03883400E+03  -3.16184340E+04
  9.45013157E+00  -6.08691795E+00        168   1.58762210E+03  -1.02260222E+03  -3.16022022E+04
  9.45013157E+00  -6.21963066E+00        168   1.58762210E+03  -1.04489795E+03  -3.16244980E+04
  9.45013157E+00  -6.55729166E+00        168   1.58762210E+03  -1.10162500E+03  -3.16812250E+04
  9.45013157E+00  -5.22365018E+00        168   1.58762210E+03  -8.77573230E+02  -3.14571732E+04
  9.45013157E+00  -6.27880185E+00        168   1.58762210E+03  -1.05483871E+03  -3.16344387E+04
  9.45013157E+00  -5.15675709E+00        168   1.58762210E+03  -8.66335191E+02  -3.14459352E+04
  9.45013157E+00  -5.18931929E+00        168   1.58762210E+03  -8.71805641E+02  -3.14514056E+04
  9.45013157E+00  -4.60558214E+00        168   1.58762210E+03  -7.73737800E+02  -3.13533378E+04
  9.45013157E+00  -5.87004321E+00        168   1.58762210E+03  -9.86167259E+02  -3.15657673E+04
  9.45013157E+00  -5.39733289E+00        168   1.58762210E+03  -9.06751926E+02  -3.14863519E+04
  9.45013157E+00  -5.77971720E+00        168   1.58762210E+03  -9.70992490E+02  -3.15505925E+04
  9.45013157E+00  -4.46956284E+00        168   1.58762210E+03  -7.50886557E+02  -3.13304866E+04
  9.45013157E+00  -5.86602941E+00        168   1.58762210E+03  -9.85492941E+02  -3.15650929E+04
  9.45013157E+00  -4.37978804E+00        168   1.58762210E+03  -7.35804392E+02  -3.13154044E+04
  9.45013157E+00  -4.78023281E+00        168   1.58762210E+03  -8.03079111E+02  -3.13826791E+04
  9.45013157E+00  -5.39255371E+00        168   1.58762210E+03  -9.05949023E+02  -3.14855490E+04
  9.45013157E+00  -5.45210435E+00        168   1.58762210E+03  -9.15953530E+02  -3.14955535E+04
  9.45013157E+00  -5.99360258E+00        168   1.58762210E+03  -1.00692523E+03  -3.15865252E+04
  9.45013157E+00  -6.12124566E+00        168   1.58762210E+03  -1.02836927E+03  -3.16079693E+04
  9.45013157E+00  -6.04678841E+00        168   1.58762210E+03  -1.01586045E+03  -3.15954605E+04
  9.45013157E+00  -4.73308392E+00        168   1.58762210E+03  -7.95158098E+02  -3.13747581E+04
  9.45013157E+00  -5.43065946E+00        168   1.58762210E+03  -9.12350790E+02  -3.14919508E+04
  9.45013157E+00  -5.97643430E+00        168   1.58762210E+03  -1.00404096E+03  -3.15836410E+04
  9.45013157E+00  -5.85655239E+00        168   1.58762210E+03  -9.83900801E+02  -3.15635008E+04
  9.45013157E+00  -5.68678616E+00        168   1.58762210E+03  -9.55380075E+02  -3.15349801E+04
  9.45013157E+00  -5.10845478E+00        168   1.58762210E+03  -8.58220403E+02  -3.14378204E+04
  9.45013157E+00  -5.53242955E+00        168   1.58762210E+03  -9.29448165E+02  -3.15090482E+04
  9.45013157E+00  -6.15146839E+00        168   1.58762210E+03  -1.03344669E+03  -3.16130467E+04
  9.45013157E+00  -5.63718308E+00        168   1.58762210E+03  -9.47046758E+02  -3.15266468E+04
  9.45013157E+00  -4.36997271E+00        168   1.58762210E+03  -7.34155416E+02  -3.13137554E+04
  9.45013157E+00  -4.82035528E+00        168   1.58762210E+03  -8.09819687E+02  -3.13894197E+04
  9.45013157E+00  -5.83590288E+00        168   1.58762210E+03  -9.80431684E+02  -3.15600317E+04
  9.45013157E+00  -5.88463762E+00        168   1.58762210E+03  -9.88619121E+02  -3.15682191E+04
  9.45013157E+00  -5.57697629E+00        168   1.58762210E+03  -9.36932017E+02  -3.15165320E+04
  9.45013157E+00  -5.79649445E+00        168   1.58762210E+03  -9.73811067E+02  -3.15534111E+04
  9.45013157E+00  -5.53706300E+00        168   1.58762210E+03  -9.30226584E+02  -3.15098266E+04
  9.45013157E+00  -4.67132351E+00        168   1.58762210E+03  -7.84782350E+02  -3.13643824E+04
  9.45013157E+00  -5.76990694E+00        168   1.58762210E+03  -9.69344365E+02  -3.15489444E+04
  9.45013157E+00  -5.38796923E+00        168   1.58762210E+03  -9.05178830E+02  -3.14847788E+04
  9.45013157E+00  -4.23426873E+00        168   1.58762210E+03  -7.11357146E+02  -3.12909571E+04
  9.45013157E+00  -3.64765141E+00        168   1.58762210E+03  -6.12805437E+02  -3.11924054E+04
  9.45013157E+00  -4.09444448E+00        168   1.58762210E+03  -6.87866672E+02  -3.12674667E+04
  9.45013157E+00  -5.04306939E+00        168   1.58762210E+03  -8.47235657E+02  -3.14268357E+04
  9.45013157E+00  -4.64223186E+00        168   1.58762210E+03  -7.79894952E+02  -3.13594950E+04
  9.45013157E+00  -5.02990563E+00        168   1.58762210E+03  -8.45024146E+02  -3.14246241E+04
  9.45013157E+00  -4.74798506E+00        168   1.58762210E+03  -7.97661490E+02  -3.13772615E+04
  9.45013157E+00  -5.01854663E+00        168   1.58762210E+03  -8.43115834E+02  -3.14227158E+04
  9.45013157E+00  -5.57371210E+00        168   1.58762210E+03  -9.36383633E+02  -3.15159836E+04
  9.45013157E+00  -5.81776523E+00        168   1.58762210E+03  -9.77384559E+02  -3.15569846E+04
  9.45013157E+00  -4.55221567E+00        168   1.58762210E+03  -7.64772232E+02  -3.13443722E+04
  9.45013157E+00  -4.72609431E+00        168   1.58762210E+03  -7.93983844E+02  -3.13735838E+04
  9.45013157E+00  -4.91306620E+00        168   1.58762210E+03  -8.25395121E+02  -3.14049951E+04
  9.45013157E+00  -3.63728440E+00        168   1.58762210E+03  -6.11063779E+02  -3.11906638E+04
  9.45013157E+00  -5.21899541E+00        168   1.58762210E+03  -8.76791229E+02  -3.14563912E+04
  9.45013157E+00  -5.20083336E+00        168   1.58762210E+03  -8.73740005E+02  -3.14533400E+04
  9.45013157E+00  -5.77329236E+00        168   1.58762210E+03  -9.69913116E+02  -3.15495131E+04
  9.45013157E+00  -3.94951749E+00        168   1.58762210E+03  -6.63518938E+02  -3.12431189E+04
  9.45013157E+00  -5.46358153E+00        168   1.58762210E+03  -9.17881696E+02  -3.14974817E+04
  9.45013157E+00  -5.72321511E+00        168   1.58762210E+03  -9.61500138E+02  -3.15411001E+04
  9.45013157E+00  -5.07724930E+00        168   1.58762210E+03  -8.52977882E+02  -3.14325779E+04
  9.45013157E+00  -5.57629023E+00        168   1.58762210E+03  -9.36816759E+02  -3.15164168E+04
  9.45013157E+00  -6.71867663E+00        168   1.58762210E+03  -1.12873767E+03  -3.17083377E+04
  9.45013157E+00  -4.80094435E+00        168   1.58762210E+03  -8.06558651E+02  -3.13861587E+04
  9.45013157E+00  -5.19554144E+00        168   1.58762210E+03  -8.72850961E+02  -3.14524510E+04
  9.45013157E+00  -5.11527292E+00        168   1.58762210E+03  -8.59365850E+02  -3.14389659E+04
  9.45013157E+00  -5.89895273E+00        168   1.58762210E+03  -9.91024059E+02  -3.15706241E+04
  9.45013157E+00  -5.59274970E+00        168   1.58762210E+03  -9.39581950E+02  -3.15191820E+04
  9.45013157E+00  -5.25910636E+00        168   1.58762210E+03  -8.83529868E+02  -3.14631299E+04
  9.45013157E+00  -5.26380238E+00        168   1.58762210E+03  -8.84318799E+02  -3.14639188E+04
  9.45013157E+00  -5.67665477E+00        168   1.58762210E+03  -9.53678002E+02  -3.15332780E+04
  9.45013157E+00  -5.95756199E+00        168   1.58762210E+03  -1.00087041E+03  -3.15804704E+04
  9.45013157E+00  -5.61486635E+00        168   1.58762210E+03  -9.43297546E+02  -3.15228975E+04
  9.45013157E+00  -4.77628714E+00        168   1.58762210E+03  -8.02416239E+02  -3.13820162E+04
  9.45013157E+00  -5.06182128E+00        168   1.58762210E+03  -8.50385975E+02  -3.14299860E+04
  9.45013157E+00  -5.68903260E+00        168   1.58762210E+03  -9.55757477E+02  -3.15353575E+04
  9.45013157E+00  -4.82258700E+00        168   1.58762210E+03  -8.10194616E+02  -3.13897946E+04
  9.45013157E+00  -4.56922785E+00        168   1.58762210E+03  -7.67630278E+02  -3.13472303E+04
  9.45013157E+00  -5.53131590E+00        168   1.58762210E+03  -9.29261071E+02  -3.15088611E+04
  9.45013157E+00  -5.85610299E+00        168   1.58762210E+03  -9.83825303E+02  -3.15634253E+04
  9.45013157E+00  -6.29911484E+00        168   1.58762210E+03  -1.05825129E+03  -3.16378513E+04
  9.45013157E+00  -4.03210504E+00        168   1.58762210E+03  -6.77393647E+02  -3.12569936E+04
  9.45013157E+00  -4.16288665E+00        168   1.58762210E+03  -6.99364956E+02  -3.12789650E+04
  9.45013157E+00  -5.64713200E+00        168   1.58762210E+03  -9.48718176E+02  -3.15283182E+04
  9.45013157E+00  -5.55915506E+00        168   1.58762210E+03  -9.33938050E+02  -3.15135381E+04
  9.45013157E+00  -5.75860465E+00        168   1.58762210E+03  -9.67445581E+02  -3.15470456E+04
  9.45013157E+00  -6.09574858E+00        168   1.58762210E+03  -1.02408576E+03  -3.16036858E+04
  9.45013157E+00  -5.79738486E+00        168   1.58762210E+03  -9.73960656E+02  -3.15535607E+04
  9.45013157E+00  -5.40516070E+00        168   1.58762210E+03  -9.08066997E+02  -3.14876670E+04
  9.45013157E+00  -6.12398853E+00        168   1.58762210E+03  -1.02883007E+03  -3.16084301E+04
  9.45013157E+00  -4.96212766E+00        168   1.58762210E+03  -8.33637447E+02  -3.14132374E+04
  9.45013157E+00  -6.59982366E+00        168   1.58762210E+03  -1.10877038E+03  -3.16883704E+04
  9.45013157E+00  -6.69055774E+00        168   1.58762210E+03  -1.12401370E+03  -3.17036137E+04
  9.45013157E+00  -5.05801642E+00        168   1.58762210E+03  -8.49746758E+02  -3.14293468E+04
  9.45013157E+00  -5.25647254E+00        168   1.58762210E+03  -8.83087387E+02  -3.14626874E+04
  9.45013157E+00  -5.38658401E+00        168   1.58762210E+03  -9.04946114E+02  -3.14845461E+04
  9.45013157E+00  -4.27812197E+00        168   1.58762210E+03  -7.18724491E+02  -3.12983245E+04
  9.45013157E+00  -5.37342039E+00        168   1.58762210E+03  -9.02734625E+02  -3.14823346E+04
  9.45013157E+00  -4.64933203E+00        168   1.58762210E+03  -7.81087781E+02  -3.13606878E+04
  9.45013157E+00  -5.14458593E+00        168   1.58762210E+03  -8.64290436E+02  -3.14438904E+04
  9.45013157E+00  -4.72252786E+00        168   1.58762210E+03  -7.93384681E+02  -3.13729847E+04
  9.45013157E+00  -4.59264725E+00        168   1.58762210E+03  -7.71564738E+02  -3.13511647E+04
  9.45013157E+00  -5.64175004E+00        168   1.58762210E+03  -9.47814006E+02  -3.15274140E+04
  9.45013157E+00  -5.30110256E+00        168   1.58762210E+03  -8.90585230E+02  -3.14701852E+04
  9.45013157E+00  -5.17981089E+00        168   1.58762210E+03  -8.70208230E+02  -3.14498082E+04
  9.45013157E+00  -5.36473875E+00        168   1.58762210E+03  -9.01276110E+02  -3.14808761E+04
  9.45013157E+00  -4.92395441E+00        168   1.58762210E+03  -8.27224342E+02  -3.14068243E+04
  9.45013157E+00  -5.93073676E+00        168   1.58762210E+03  -9.96363775E+02  -3.15759638E+04
  9.45013157E+00  -5.89723672E+00        168   1.58762210E+03  -9.90735768E+02  -3.15703358E+04
  9.45013157E+00  -5.15693681E+00        168   1.58762210E+03  -8.66365384E+02  -3.14459654E+04
  9.45013157E+00  -5.27703857E+00        168   1.58762210E+03  -8.86542480E+02  -3.14661425E+04
  9.45013157E+00  -5.43271686E+00        168   1.58762210E+03  -9.12696432E+02  -3.14922964E+04
  9.45013157E+00  -5.78515951E+00        168   1.58762210E+03  -9.71906797E+02  -3.15515068E+04
  9.45013157E+00  -5.95216965E+00        168   1.58762210E+03  -9.99964501E+02  -3.15795645E+04
  9.45013157E+00  -5.86684101E+00        168   1.58762210E+03  -9.85629290E+02  -3.15652293E+04
  9.45013157E+00  -6.13256227E+00        168   1.58762210E+03  -1.03027046E+03  -3.16098705E+04
  9.45013157E+00  -6.17019043E+00        168   1.58762210E+03  -1.03659199E+03  -3.16161920E+04
  9.45013157E+00  -5.93435327E+00        168   1.58762210E+03  -9.96971350E+02  -3.15765713E+04
  9.45013157E+00  -5.96064042E+00        168   1.58762210E+03  -1.00138759E+03  -3.15809876E+04
  9.45013157E+00  -5.66827427E+00        168   1.58762210E+03  -9.52270078E+02  -3.15318701E+04
  9.45013157E+00  -6.54344380E+00        168   1.58762210E+03  -1.09929856E+03  -3.16788986E+04
  9.45013157E+00  -5.54511368E+00        168   1.58762210E+03  -9.31579097E+02  -3.15111791E+04
  9.45013157E+00  -6.20199039E+00        168   1.58762210E+03  -1.04193439E+03  -3.16215344E+04
  9.45013157E+00  -6.18151154E+00        168   1.58762210E+03  -1.03849394E+03  -3.16180939E+04
  9.45013157E+00  -5.74205586E+00        168   1.58762210E+03  -9.64665384E+02  -3.15442654E+04
  9.45013157E+00  -6.77638918E+00        168   1.58762210E+03  -1.13843338E+03  -3.17180334E+04
  9.45013157E+00  -6.36795261E+00        168   1.58762210E+03  -1.06981604E+03  -3.16494160E+04
  9.45013157E+00  -6.18069566E+00        168   1.58762210E+03  -1.03835687E+03  -3.16179569E+04
  9.45013157E+00  -6.69559093E+00        168   1.58762210E+03  -1.12485928E+03  -3.17044593E+04
  9.45013157E+00  -6.73419116E+00        168   1.58762210E+03  -1.13134411E+03  -3.17109441E+04
  9.45013157E+00  -5.45595927E+00        168   1.58762210E+03  -9.16601157E+02  -3.14962012E+04
  9.45013157E+00  -6.01762938E+00        168   1.58762210E+03  -1.01096174E+03  -3.15905617E+04
  9.45013157E+00  -5.29168371E+00        168   1.58762210E+03  -8.89002864E+02  -3.14686029E+04
  9.45013157E+00  -6.96375487E+00        168   1.58762210E+03  -1.16991082E+03  -3.17495108E+04
  9.45013157E+00  -5.10707556E+00        168   1.58762210E+03  -8.57988693E+02  -3.14375887E+04
  9.45013157E+00  -5.03548313E+00        168   1.58762210E+03  -8.45961166E+02  -3.14255612E+04
  9.45013157E+00  -5.29508476E+00        168   1.58762210E+03  -8.89574240E+02  -3.14691742E+04
  9.45013157E+00  -5.82813061E+00        168   1.58762210E+03  -9.79125942E+02  -3.15587259E+04
  3.80952381E+02  -1.12670852E+01         21   8.00000000E+03  -2.36608789E+02  -4.05905879E+03
  3.80952381E+02  -9.55358539E+00         21   8.00000000E+03  -2.00625293E+02  -4.02307529E+03
  3.80952381E+02  -8.86829682E+00         21   8.00000000E+03  -1.86234233E+02  -4.00868423E+03
  3.80952381E+02  -6.67334691E+00         21   8.00000000E+03  -1.40140285E+02  -3.96259029E+03
  3.80952381E+02  -8.24494746E+00         21   8.00000000E+03  -1.73143897E+02  -3.99559390E+03
  3.80952381E+02  -9.72247517E+00         21   8.00000000E+03  -2.04171979E+02  -4.02662198E+03
  3.80952381E+02  -8.50015751E+00         21   8.00000000E+03  -1.78503308E+02  -4.00095331E+03
  3.80952381E+02  -9.75148585E+00         21   8.00000000E+03  -2.04781203E+02  -4.02723120E+03
  3.80952381E+02  -9.40328851E+00         21   8.00000000E+03  -1.97469059E+02  -4.01991906E+03
  3.80952381E+02  -9.06112972E+00         21   8.00000000E+03  -1.90283724E+02  -4.01273372E+03
  3.80952381E+02  -8.32177109E+00         21   8.00000000E+03  -1.74757193E+02  -3.99720719E+03
  3.80952381E+02  -8.29193295E+00         21   8.00000000E+03  -1.74130592E+02  -3.99658059E+03
  3.80952381E+02  -8.04152110E+00         21   8.00000000E+03  -1.68871943E+02  -3.99132194E+03
  3.80952381E+02  -9.35010241E+00         21   8.00000000E+03  -1.96352151E+02  -4.01880215E+03
  3.80952381E+02  -8.42419216E+00         21   8.00000000E+03  -1.76908035E+02  -3.99935804E+03
  3.80952381E+02  -9.84914681E+00         21   8.00000000E+03  -2.06832083E+02  -4.02928208E+03
  3.80952381E+02  -9.55005925E+00         21   8.00000000E+03  -2.00551244E+02  -4.02300124E+03
  3.80952381E+02  -9.69424791E+00         21   8.00000000E+03  -2.03579206E+02  -4.02602921E+03
  3.80952381E+02  -9.85785629E+00         21   8.00000000E+03  -2.07014982E+02  -4.02946498E+03
  3.80952381E+02  -8.85020049E+00         21   8.00000000E+03  -1.85854210E+02  -4.00830421E+03
  3.80952381E+02  -8.89422554E+00         21   8.00000000E+03  -1.86778736E+02  -4.00922874E+03
  3.80952381E+02  -1.04442058E+01         21   8.00000000E+03  -2.19328322E+02  -4.04177832E+03
  3.80952381E+02  -1.00163686E+01         21   8.00000000E+03  -2.10343740E+02  -4.03279374E+03
  3.80952381E+02  -1.01041528E+01         21   8.00000000E+03  -2.12187208E+02  -4.03463721E+03
  3.80952381E+02  -8.24222273E+00         21   8.00000000E+03  -1.73086677E+02  -3.99553668E+03
  3.80952381E+02  -1.00933499E+01         21   8.00000000E+03  -2.11960348E+02  -4.03441035E+03
  3.80952381E+02  -9.61877609E+00         21   8.00000000E+03  -2.01994298E+02  -4.02444430E+03
  3.80952381E+02  -8.61230806E+00         21   8.00000000E+03  -1.80858469E+02  -4.00330847E+03
  3.80952381E+02  -9.27529181E+00         21   8.00000000E+03  -1.94781128E+02  -4.01723113E+03
  3.80952381E+02  -9.34312299E+00         21   8.00000000E+03  -1.96205583E+02  -4.01865558E+03
  3.80952381E+02  -8.97432679E+00         21   8.00000000E+03  -1.88460863E+02  -4.01091086E+03
  3.80952381E+02  -8.42921174E+00         21   8.00000000E+03  -1.77013446E+02  -3.99946345E+03
  3.80952381E+02  -8.47474265E+00         21   8.00000000E+03  -1.77969596E+02  -4.00041960E+03
  3.80952381E+02  -9.27770379E+00         21   8.00000000E+03  -1.94831780E+02  -4.01728178E+03
  3.80952381E+02  -9.23639761E+00         21   8.00000000E+03  -1.93964350E+02  -4.01641435E+03
  3.80952381E+02  -8.29918639E+00         21   8.00000000E+03  -1.74282914E+02  -3.99673291E+03
  3.80952381E+02  -9.69815954E+00         21   8.00000000E+03  -2.03661350E+02  -4.02611135E+03
  3.80952381E+02  -8.48792513E+00         21   8.00000000E+03  -1.78246428E+02  -4.00069643E+03
  3.80952381E+02  -9.23468388E+00         21   8.00000000E+03  -1.93928362E+02  -4.01637836E+03
  3.80952381E+02  -7.77834358E+00         21   8.00000000E+03  -1.63345215E+02  -3.98579522E+03
  3.80952381E+02  -9.48867172E+00         21   8.00000000E+03  -1.99262106E+02  -4.02171211E+03
  3.80952381E+02  -7.58942498E+00         21   8.00000000E+03  -1.59377925E+02  -3.98182792E+03
  3.80952381E+02  -8.98931240E+00         21   8.00000000E+03  -1.88775560E+02  -4.01122556E+03
  3.80952381E+02  -7.59175681E+00         21   8.00000000E+03  -1.59426893E+02  -3.98187689E+03
  3.80952381E+02  -5.94914764E+00         21   8.00000000E+03  -1.24932101E+02  -3.94738210E+03
  3.80952381E+02  -9.56838084E+00         21   8.00000000E+03  -2.00935998E+02  -4.02338600E+03
  3.80952381E+02  -9.95574812E+00         21   8.00000000E+03  -2.09070711E+02  -4.03152071E+03
  3.80952381E+02  -1.10063968E+01         21   8.00000000E+03  -2.31134333E+02  -4.05358433E+03
  3.80952381E+02  -1.09238755E+01         21   8.00000000E+03  -2.29401385E+02  -4.05185139E+03
  3.80952381E+02  -1.00016943E+01         21   8.00000000E+03  -2.10035579E+02  -4.03248558E+03
  3.80952381E+02  -9.94932552E+00         21   8.00000000E+03  -2.08935836E+02  -4.03138584E+03
  3.80952381E+02  -1.12750982E+01         21   8.00000000E+03  -2.36777063E+02  -4.05922706E+03
  3.80952381E+02  -9.96689881E+00         21   8.00000000E+03  -2.09304875E+02  -4.03175487E+03
  3.80952381E+02  -1.05826083E+01         21   8.00000000E+03  -2.22234774E+02  -4.04468477E+03
  3.80952381E+02  -7.98240189E+00         21   8.00000000E+03  -1.67630440E+02  -3.99008044E+03
  3.80952381E+02  -8.77120744E+00         21   8.00000000E+03  -1.84195356E+02  -4.00664536E+03
  3.80952381E+02  -8.87741749E+00         21   8.00000000E+03  -1.86425767E+02  -4.00887577E+03
  3.80952381E+02  -1.04773646E+01         21   8.00000000E+03  -2.20024657E+02  -4.04247466E+03
  3.80952381E+02  -7.30989949E+00         21   8.00000000E+03  -1.53507889E+02  -3.97595789E+03
  3.80952381E+02  -7.83427924E+00         21   8.00000000E+03  -1.64519864E+02  -3.98696986E+03
  3.80952381E+02  -7.29259778E+00         21   8.00000000E+03  -1.53144553E+02  -3.97559455E+03
  3.80952381E+02  -8.71926110E+00         21   8.00000000E+03  -1.83104483E+02  -4.00555448E+03
  3.80952381E+02  -9.15032722E+00         21   8.00000000E+03  -1.92156872E+02  -4.01460687E+03
  3.80952381E+02  -9.43944646E+00         21   8.00000000E+03  -1.98228376E+02  -4.02067838E+03
  3.80952381E+02  -6.98121734E+00         21   8.00000000E+03  -1.46605564E+02  -3.96905556E+03
  3.80952381E+02  -8.74590326E+00         21   8.00000000E+03  -1.83663968E+02  -4.00611397E+03
  3.80952381E+02  -7.95479499E+00         21   8.00000000E+03  -1.67050695E+02  -3.98950069E+03
  3.80952381E+02  -1.00123564E+01         21   8.00000000E+03  -2.10259484E+02  -4.03270948E+03
  3.80952381E+02  -1.08515773E+01         21   8.00000000E+03  -2.27883123E+02  -4.05033312E+03
  3.80952381E+02  -8.67696030E+00         21   8.00000000E+03  -1.82216166E+02  -4.00466617E+03
  3.80952381E+02  -8.74650732E+00         21   8.00000000E+03  -1.83676654E+02  -4.00612665E+03
  3.80952381E+02  -7.17469898E+00         21   8.00000000E+03  -1.50668679E+02  -3.97311868E+03
  3.80952381E+02  -9.07306902E+00         21   8.00000000E+03  -1.90534449E+02  -4.01298445E+03
  3.80952381E+02  -9.48241992E+00         21   8.00000000E+03  -1.99130818E+02  -4.02158082E+03
  3.80952381E+02  -9.29993821E+00         21   8.00000000E+03  -1.95298702E+02  -4.01774870E+03
  3.80952381E+02  -8.81467378E+00         21   8.00000000E+03  -1.85108149E+02  -4.00755815E+03
  3.80952381E+02  -8.14874552E+00         21   8.00000000E+03  -1.71123656E+02  -3.99357366E+03
  3.80952381E+02  -8.74942428E+00         21   8.00000000E+03  -1.83737910E+02  -4.00618791E+03
  3.80952381E+02  -8.08563686E+00         21   8.00000000E+03  -1.69798374E+02  -3.99224837E+03
  3.80952381E+02  -1.04203359E+01         21   8.00000000E+03  -2.18827055E+02  -4.04127705E+03
  3.80952381E+02  -9.16689730E+00         21   8.00000000E+03  -1.92504843E+02  -4.01495484E+03
  3.80952381E+02  -8.37486362E+00         21   8.00000000E+03  -1.75872136E+02  -3.99832214E+03
  3.80952381E+02  -1.00031005E+01         21   8.00000000E+03  -2.10065111E+02  -4.03251511E+03
  3.80952381E+02  -9.37122852E+00         21   8.00000000E+03  -1.96795799E+02  -4.01924580E+03
  3.80952381E+02  -7.81548095E+00         21   8.00000000E+03  -1.64125100E+02  -3.98657510E+03
  3.80952381E+02  -8.33572990E+00         21   8.00000000E+03  -1.75050328E+02  -3.99750033E+03
  3.80952381E+02  -9.05446139E+00         21   8.00000000E+03  -1.90143689E+02  -4.01259369E+03
  3.80952381E+02  -9.16255339E+00         21   8.00000000E+03  -1.92413621E+02  -4.01486362E+03
  3.80952381E+02  -9.33634552E+00         21   8.00000000E+03  -1.96063256E+02  -4.01851326E+03
  3.80952381E+02  -1.03099224E+01         21   8.00000000E+03  -2.16508371E+02  -4.03895837E+03
  3.80952381E+02  -1.08862538E+01         21   8.00000000E+03  -2.28611330E+02  -4.05106133E+03
  3.80952381E+02  -1.12834798E+01         21   8.00000000E+03  -2.36953076E+02  -4.05940308E+03
  3.80952381E+02  -8.61563598E+00         21   8.00000000E+03  -1.80928356E+02  -4.00337836E+03
  3.80952381E+02  -1.12129055E+01         21   8.00000000E+03  -2.35471014E+02  -4.05792101E+03
  3.80952381E+02  -9.40769889E+00         21   8.00000000E+03  -1.97561677E+02  -4.02001168E+03
  3.80952381E+02  -7.65934824E+00         21   8.00000000E+03  -1.60846313E+02  -3.98329631E+03
  3.80952381E+02  -1.02240266E+01         21   8.00000000E+03  -2.14704560E+02  -4.03715456E+03
  3.80952381E+02  -9.61979318E+00         21   8.00000000E+03  -2.02015657E+02  -4.02446566E+03
  3.80952381E+02  -9.81379967E+00         21   8.00000000E+03  -2.06089793E+02  -4.02853979E+03
  3.80952381E+02  -8.78926685E+00         21   8.00000000E+03  -1.84574604E+02  -4.00702460E+03
  3.80952381E+02  -1.01538332E+01         21   8.00000000E+03  -2.13230497E+02  -4.03568050E+03
