################################################################################
# Symmetry function scaling data.
################################################################################
# Col  Name     Description
################################################################################
# 1    e_index  Element index.
# 2    sf_index Symmetry function index.
# 3    sf_min   Symmetry function minimum.
# 4    sf_max   Symmetry function maximum.
# 5    sf_mean  Symmetry function mean.
# 6    sf_sigma Symmetry function sigma.
#########################################################################################################################
#        1          2                        3                        4                        5                        6
#  e_index   sf_index                   sf_min                   sf_max                  sf_mean                 sf_sigma
#########################################################################################################################
         1          1   0.0000000000000000E+00   3.5096396166533253E+01   1.1967418933618173E+01   3.3028305945061027E+00
         1          2   0.0000000000000000E+00   3.5238738989741712E+01   1.2030314747222745E+01   3.3207466231845304E+00
         1          3   0.0000000000000000E+00   3.3433281419302020E+01   1.1313066304141570E+01   3.1248623685118071E+00
         1          4   0.0000000000000000E+00   3.4791748556774976E+01   1.1914125032491967E+01   3.2965042620831357E+00
         1          5   0.0000000000000000E+00   3.0151573835193290E+01   1.0029901300904942E+01   2.7744484313955509E+00
         1          6   0.0000000000000000E+00   3.3889155496530641E+01   1.1665745143537352E+01   3.2441697689659907E+00
         1          7   0.0000000000000000E+00   2.6106857057937759E+01   8.4663152755841864E+00   2.3442673137909140E+00
         1          8   0.0000000000000000E+00   3.2908700014841848E+01   1.1316923370981293E+01   3.1693538955544285E+00
         1          9   0.0000000000000000E+00   2.1938203394576071E+01   6.8823585050882361E+00   1.9038832532346219E+00
         1         10   0.0000000000000000E+00   3.1689881570240249E+01   1.0891875641176187E+01   3.0757702024282367E+00
         1         11   0.0000000000000000E+00   3.1650307592759468E+01   1.0624989004780820E+01   3.0291702467768009E+00
         1         12   0.0000000000000000E+00   2.3262669463081721E+01   8.2119304073710442E+00   2.3167730175046790E+00
         1         13   0.0000000000000000E+00   2.9243319827277194E+01   9.5712363212885023E+00   2.8238728937657558E+00
         1         14   0.0000000000000000E+00   1.7143367577989455E+01   6.2212253908457393E+00   1.7365735540940621E+00
         1         15   0.0000000000000000E+00   2.5872714236384802E+01   8.0942142451589767E+00   2.5567429942801936E+00
         1         16   0.0000000000000000E+00   1.1690393096980698E+01   4.2439512681452811E+00   1.1489221107413494E+00
         1         17   0.0000000000000000E+00   2.0459629473223107E+01   5.7922048537544404E+00   2.1733070500504001E+00
         1         18   0.0000000000000000E+00   6.7431520750423930E+00   2.3240018495096835E+00   6.3963913148425666E-01
         1         19   0.0000000000000000E+00   1.0605599406802403E+01   7.5866969812485696E-01   5.4688242841557333E-01
         1         20   0.0000000000000000E+00   3.7097247851661471E+01   3.9052235803323536E+00   2.2238786565365207E+00
         1         21   0.0000000000000000E+00   7.7635233279529849E+00   5.5259828553379808E-01   4.1167424449506240E-01
         1         22   0.0000000000000000E+00   3.1061108284877314E+01   3.3516966900215985E+00   1.8715985091665412E+00
         1         23   0.0000000000000000E+00   9.5286752121367684E+00   6.6041422883376744E-01   4.8525460870018344E-01
         1         24   0.0000000000000000E+00   3.2874623358022490E+01   3.4027104785763522E+00   1.9363609953221950E+00
         1         25   0.0000000000000000E+00   6.9719178625119103E+00   4.8241322086974209E-01   3.6713241579469447E-01
         1         26   0.0000000000000000E+00   2.7315463344623879E+01   2.9234215479778278E+00   1.6299992961408252E+00
         1         27   0.0000000000000000E+00   2.5141867397054053E+01   1.7710751181777891E+00   1.2168671431798652E+00
         1         28   0.0000000000000000E+00   4.7991199777554776E+01   4.3933097828614454E+00   2.6281440825553797E+00
         1         29   0.0000000000000000E+00   1.3137211127099972E+01   8.8269579662034703E-01   6.3853164139659102E-01
         1         30   0.0000000000000000E+00   3.6151202023618382E+01   3.5049304613040015E+00   2.0405454359669699E+00
         1         31   0.0000000000000000E+00   2.2481892696095635E+01   1.5185840483612196E+00   1.0573018613138119E+00
         1         32   0.0000000000000000E+00   4.2466232627576481E+01   3.7877512854014941E+00   2.2689171891018911E+00
         1         33   0.0000000000000000E+00   1.1753535058076087E+01   7.5822769450202343E-01   5.5899949045875885E-01
         1         34   0.0000000000000000E+00   3.1907026104036003E+01   3.0273949315422986E+00   1.7619016597251613E+00
         1         35   0.0000000000000000E+00   2.0173019663164979E+01   1.3062380670074814E+00   9.2159283053099206E-01
         1         36   0.0000000000000000E+00   3.7710618345132346E+01   3.2781762135767822E+00   1.9654358512113601E+00
         1         37   0.0000000000000000E+00   6.8010966033427085E+00   4.2294009043766306E-01   3.3207308612115155E-01
         1         38   0.0000000000000000E+00   2.2442742786779050E+01   2.2022293094042968E+00   1.2475626699155482E+00
         1         39   0.0000000000000000E+00   1.4847038468763788E+01   8.4616827331984457E-01   6.2106434789682241E-01
         1         40   0.0000000000000000E+00   2.6924459518278518E+01   2.1711658338722355E+00   1.3017987119776704E+00
         1         41   0.0000000000000000E+00   7.7652086324559528E+00   4.2408243479030355E-01   3.3806163173207604E-01
         1         42   0.0000000000000000E+00   2.0073633583166174E+01   1.7490799953426948E+00   1.0122682579757176E+00
         2          1   0.0000000000000000E+00   3.3589195496789955E+01   1.1805958345801601E+01   2.9945293255839665E+00
         2          2   0.0000000000000000E+00   3.3742656992334787E+01   1.1865115719176178E+01   3.0128824909456711E+00
         2          3   0.0000000000000000E+00   3.1916823527527455E+01   1.1172030284834859E+01   2.8192101091122126E+00
         2          4   0.0000000000000000E+00   3.3383987411210320E+01   1.1735815240261358E+01   2.9948369250931566E+00
         2          5   0.0000000000000000E+00   2.8616269791375530E+01   9.9337070914421037E+00   2.4768098980806554E+00
         2          6   0.0000000000000000E+00   3.2613295777263396E+01   1.1459004063359982E+01   2.9561773049583904E+00
         2          7   0.0000000000000000E+00   2.4545625043442062E+01   8.4339990965801945E+00   2.0629256384770325E+00
         2          8   0.0000000000000000E+00   3.1521849925581119E+01   1.1069480130833735E+01   2.9015313159705949E+00
         2          9   0.0000000000000000E+00   2.0344343864833011E+01   6.9254677662193727E+00   1.6496466780901184E+00
         2         10   0.0000000000000000E+00   3.0177719133794341E+01   1.0594056796562969E+01   2.8339992294561869E+00
         2         11   0.0000000000000000E+00   3.0429079658050153E+01   1.0402826964168909E+01   2.7072791957520903E+00
         2         12   0.0000000000000000E+00   2.2215355761995934E+01   7.9147466474400110E+00   2.2210217125963272E+00
         2         13   0.0000000000000000E+00   2.7929709222906581E+01   9.3013924816384677E+00   2.4952590793564475E+00
         2         14   0.0000000000000000E+00   1.6961884745010046E+01   5.9826658011732308E+00   1.7469547630624040E+00
         2         15   0.0000000000000000E+00   2.4354539328067794E+01   7.7437888203309289E+00   2.2265318889549532E+00
         2         16   0.0000000000000000E+00   1.1601694584568740E+01   4.2042068701261117E+00   1.2377364222685177E+00
         2         17   0.0000000000000000E+00   1.8789080162671244E+01   5.2169115421696972E+00   1.8601779574121140E+00
         2         18   0.0000000000000000E+00   6.5879008239746772E+00   2.4501764899311138E+00   7.3172747658319148E-01
         2         19   0.0000000000000000E+00   7.8827107229477518E+00   1.0598191403943196E+00   4.8088079808935513E-01
         2         20   0.0000000000000000E+00   3.3264344083937054E+01   3.3372111356713150E+00   2.0920027492746205E+00
         2         21   0.0000000000000000E+00   5.6304706833866973E+00   8.1388512263828183E-01   3.8107477439087983E-01
         2         22   0.0000000000000000E+00   2.7823477752483974E+01   2.8519054473430896E+00   1.7811662434675415E+00
         2         23   0.0000000000000000E+00   6.9996483674365191E+00   9.4911931596376564E-01   4.3574575886882211E-01
         2         24   0.0000000000000000E+00   2.9270010933797558E+01   2.8787830251710731E+00   1.8176970443109870E+00
         2         25   0.0000000000000000E+00   4.9953044885754094E+00   7.3240929465436067E-01   3.4992966075605919E-01
         2         26   0.0000000000000000E+00   2.4458171414298171E+01   2.4616959174345689E+00   1.5489920507690425E+00
         2         27   0.0000000000000000E+00   1.9398618419465841E+01   2.0710298853904456E+00   1.0938593895929081E+00
         2         28   0.0000000000000000E+00   4.1280046472753504E+01   3.8453378065373220E+00   2.4385368461810448E+00
         2         29   0.0000000000000000E+00   9.7621253451528869E+00   1.1968767311786321E+00   5.7699926309437510E-01
         2         30   0.0000000000000000E+00   3.1575808342885846E+01   2.9711846523255101E+00   1.8926763295216904E+00
         2         31   0.0000000000000000E+00   1.7118110675066692E+01   1.8081679596306726E+00   9.5868808432985775E-01
         2         32   0.0000000000000000E+00   3.6159970788121342E+01   3.2899949822666392E+00   2.1033121165247701E+00
         2         33   0.0000000000000000E+00   8.6197444007886102E+00   1.0571495387832592E+00   5.1385725509078517E-01
         2         34   0.0000000000000000E+00   2.7609818321575816E+01   2.5389765614192261E+00   1.6306567044426590E+00
         2         35   0.0000000000000000E+00   1.5156356859646106E+01   1.5840936462421269E+00   8.4380140101919177E-01
         2         36   0.0000000000000000E+00   3.1773338181888299E+01   2.8246459600377287E+00   1.8208145361164039E+00
         2         37   0.0000000000000000E+00   4.8063993595152033E+00   6.6888761187629531E-01   3.2146431443842310E-01
         2         38   0.0000000000000000E+00   1.9476255015538303E+01   1.7973482419982911E+00   1.1639770400181049E+00
         2         39   0.0000000000000000E+00   1.0712802132086580E+01   1.0849248451127562E+00   5.8904484016182146E-01
         2         40   0.0000000000000000E+00   2.1921115741400541E+01   1.8221940270224433E+00   1.2053932880832177E+00
         2         41   0.0000000000000000E+00   5.4058855432615678E+00   6.6187249894048428E-01   3.3595725760221451E-01
         2         42   0.0000000000000000E+00   1.6609036351626809E+01   1.3991416808501715E+00   9.3004821130872850E-01
         3          1   0.0000000000000000E+00   3.6675396716191422E+01   1.0464831526944318E+01   3.3653124727841126E+00
         3          2   0.0000000000000000E+00   3.6827315345429476E+01   1.0523924124941363E+01   3.3820229985718298E+00
         3          3   0.0000000000000000E+00   3.4935505581780852E+01   9.8596230437482681E+00   3.1955285702925824E+00
         3          4   0.0000000000000000E+00   3.6387694341979056E+01   1.0423105753516353E+01   3.3551679198237294E+00
         3          5   0.0000000000000000E+00   3.1493247292392155E+01   8.6812495484848764E+00   2.8636056539282815E+00
         3          6   0.0000000000000000E+00   3.5447863589649380E+01   1.0207507318233182E+01   3.2978527744258579E+00
         3          7   0.0000000000000000E+00   2.7230979579957054E+01   7.2633959234546088E+00   2.4609507681097766E+00
         3          8   0.0000000000000000E+00   3.4128182402220482E+01   9.9046574260558433E+00   3.2175720704876065E+00
         3          9   0.0000000000000000E+00   2.2809612845664109E+01   5.8526958007685401E+00   2.0544781323168970E+00
         3         10   0.0000000000000000E+00   3.2618286116365283E+01   9.5358323029292684E+00   3.1200668994633447E+00
         3         11   0.0000000000000000E+00   3.3208625256987460E+01   9.1121788603360372E+00   3.1259858028174881E+00
         3         12   0.0000000000000000E+00   2.3418910632221841E+01   7.3551372790894298E+00   2.3530905852993955E+00
         3         13   0.0000000000000000E+00   3.0589953603177641E+01   8.0522445545190955E+00   2.9479348138826813E+00
         3         14   0.0000000000000000E+00   1.6726773584054332E+01   5.7439482986407819E+00   1.8113069590878370E+00
         3         15   0.0000000000000000E+00   2.6893414185956399E+01   6.5623972216546749E+00   2.7162826363465178E+00
         3         16   0.0000000000000000E+00   1.1315861833178763E+01   4.1471189575438157E+00   1.2512584477525335E+00
         3         17   0.0000000000000000E+00   2.0658731099270334E+01   4.2198921376888023E+00   2.3511517773480914E+00
         3         18   0.0000000000000000E+00   6.4516805996786672E+00   2.4074800485738344E+00   6.9776657430516464E-01
         3         19   0.0000000000000000E+00   1.0684161229130746E+01   6.2684218533215685E-01   6.3872182627809770E-01
         3         20   0.0000000000000000E+00   4.4815115369962719E+01   2.6468420970935562E+00   2.6977692360020145E+00
         3         21   0.0000000000000000E+00   7.8320820435904981E+00   4.4315343124080886E-01   4.6131127406501560E-01
         3         22   0.0000000000000000E+00   3.8077957385207426E+01   2.2720394815921874E+00   2.2765010201528915E+00
         3         23   0.0000000000000000E+00   9.5535834343069883E+00   5.5320900833997566E-01   5.7378172399710581E-01
         3         24   0.0000000000000000E+00   3.9868521607269919E+01   2.2698328996839869E+00   2.3648944816792636E+00
         3         25   0.0000000000000000E+00   6.9998976894562439E+00   3.9197630783007353E-01   4.1550584442436789E-01
         3         26   0.0000000000000000E+00   3.3876359522643433E+01   1.9501258079782282E+00   1.9956478240408941E+00
         3         27   0.0000000000000000E+00   2.5543315722811830E+01   1.4011923391230074E+00   1.4433395611899655E+00
         3         28   0.0000000000000000E+00   5.5271100368501720E+01   2.9679659263984211E+00   3.1972491336338251E+00
         3         29   0.0000000000000000E+00   1.3052010327563940E+01   7.4624600317040879E-01   7.6996207277067719E-01
         3         30   0.0000000000000000E+00   4.2779794973253821E+01   2.3130195904458231E+00   2.5007688380123123E+00
         3         31   0.0000000000000000E+00   2.2682225135681790E+01   1.2098561168637219E+00   1.2681898232176831E+00
         3         32   0.0000000000000000E+00   4.9022979575231552E+01   2.5236530898551939E+00   2.7810501715794000E+00
         3         33   0.0000000000000000E+00   1.1584125402962556E+01   6.5069123806473239E-01   6.8398197586836318E-01
         3         34   0.0000000000000000E+00   3.7924879842512183E+01   1.9644882110562043E+00   2.1752605783067578E+00
         3         35   0.0000000000000000E+00   2.0210836069723900E+01   1.0487411121336729E+00   1.1181813269277037E+00
         3         36   0.0000000000000000E+00   4.3629485833087159E+01   2.1541575579998007E+00   2.4268388039663344E+00
         3         37   0.0000000000000000E+00   6.7153149353875623E+00   3.7277466507843171E-01   4.1036704255854456E-01
         3         38   0.0000000000000000E+00   2.7601293240503146E+01   1.3922232622898447E+00   1.5565126167864016E+00
         3         39   0.0000000000000000E+00   1.4569852934789317E+01   6.9786563461586670E-01   7.8092870374280432E-01
         3         40   0.0000000000000000E+00   3.1331977559943812E+01   1.3689249619860804E+00   1.6411487731527350E+00
         3         41   0.0000000000000000E+00   7.4576789731893625E+00   3.8924926533611665E-01   4.3982166455768407E-01
         3         42   0.0000000000000000E+00   2.4184951377219829E+01   1.0603085927063298E+00   1.2840797888875435E+00
         4          1   0.0000000000000000E+00   3.3031984799309519E+01   1.0700427157884278E+01   3.2028188844983387E+00
         4          2   0.0000000000000000E+00   3.3197229313079127E+01   1.0767558647181030E+01   3.2223809435885480E+00
         4          3   0.0000000000000000E+00   3.1319395118199669E+01   1.0050526214236410E+01   3.0186606199567199E+00
         4          4   0.0000000000000000E+00   3.2901545744109058E+01   1.0692598381231162E+01   3.2063274940726538E+00
         4          5   0.0000000000000000E+00   2.7937502970023271E+01   8.7807428208515326E+00   2.6563366831566593E+00
         4          6   0.0000000000000000E+00   3.2261256347667683E+01   1.0531280130728614E+01   3.1714129006580940E+00
         4          7   0.0000000000000000E+00   2.3763522682878587E+01   7.2444091836407241E+00   2.2123959655705465E+00
         4          8   0.0000000000000000E+00   3.1342412732961737E+01   1.0302150837501996E+01   3.1208956793056344E+00
         4          9   0.0000000000000000E+00   1.9453174150662718E+01   5.7060615422575340E+00   1.7596769952611258E+00
         4         10   0.0000000000000000E+00   3.0190041309356197E+01   1.0018637757780782E+01   3.0567255912931421E+00
         4         11   0.0000000000000000E+00   3.0122466585686997E+01   9.4216496535452396E+00   2.9443979998674532E+00
         4         12   0.0000000000000000E+00   2.2519917888968461E+01   7.8830809548127885E+00   2.3735538626805366E+00
         4         13   0.0000000000000000E+00   2.7866475554540852E+01   8.4205891113443254E+00   2.7481833389997661E+00
         4         14   0.0000000000000000E+00   1.7036282191935804E+01   6.2084256710536403E+00   1.8336960497184502E+00
         4         15   0.0000000000000000E+00   2.4792270191098027E+01   7.0186193644054704E+00   2.4847719506603996E+00
         4         16   0.0000000000000000E+00   1.1608508566232606E+01   4.3627679186740913E+00   1.2212032190155180E+00
         4         17   0.0000000000000000E+00   2.0442201259206485E+01   4.7919451392322019E+00   2.0585271921294437E+00
         4         18   0.0000000000000000E+00   6.6236408018776807E+00   2.3561932829779684E+00   6.2517274011724577E-01
         4         19   0.0000000000000000E+00   5.8676126589975590E+00   3.1530315871255060E-01   2.5735931891512442E-01
         4         20   0.0000000000000000E+00   3.2707278509529473E+01   3.3205793370944274E+00   1.9015474077956729E+00
         4         21   0.0000000000000000E+00   4.0509146019230942E+00   2.0468463195034067E-01   1.7338972023894786E-01
         4         22   0.0000000000000000E+00   2.7573441439645386E+01   2.9119374613543174E+00   1.6109737892325493E+00
         4         23   0.0000000000000000E+00   5.1275913310278085E+00   2.6652968153783141E-01   2.2093085589732755E-01
         4         24   0.0000000000000000E+00   2.8711405058940180E+01   2.8835607473474272E+00   1.6447816599489737E+00
         4         25   0.0000000000000000E+00   3.5328007515508459E+00   1.7300758146247322E-01   1.4904928843948631E-01
         4         26   0.0000000000000000E+00   2.4196210765928040E+01   2.5350568234201321E+00   1.3949340543721549E+00
         4         27   0.0000000000000000E+00   1.5698301388242575E+01   9.7811439535375977E-01   7.5298545651450588E-01
         4         28   0.0000000000000000E+00   3.8833102622163281E+01   3.4473952098030263E+00   2.1243708856937324E+00
         4         29   0.0000000000000000E+00   7.3711486829059476E+00   4.0217687939616759E-01   3.2529481471706290E-01
         4         30   0.0000000000000000E+00   3.0436254507929068E+01   2.8714576938454353E+00   1.6959977677201079E+00
         4         31   0.0000000000000000E+00   1.3690332812674722E+01   8.1986892019797364E-01   6.3946263122661129E-01
         4         32   0.0000000000000000E+00   3.3823606185167996E+01   2.9522113118061619E+00   1.8173597416705796E+00
         4         33   0.0000000000000000E+00   6.4016030755381470E+00   3.3596836095729699E-01   2.7618038170185233E-01
         4         34   0.0000000000000000E+00   2.6511419078255898E+01   2.4683107525654862E+00   1.4536926353597064E+00
         4         35   0.0000000000000000E+00   1.1973204203527668E+01   6.8977824889059181E-01   5.4504623277394670E-01
         4         36   0.0000000000000000E+00   2.9548589894162888E+01   2.5388280155490865E+00   1.5610754204219524E+00
         4         37   0.0000000000000000E+00   3.3229677771117823E+00   1.5535985520231929E-01   1.3599537500979661E-01
         4         38   0.0000000000000000E+00   1.8954338124182101E+01   1.8488142732939310E+00   1.0409027140196727E+00
         4         39   0.0000000000000000E+00   8.1329331139386429E+00   4.1962349880028033E-01   3.4481910109861130E-01
         4         40   0.0000000000000000E+00   2.0022163400319119E+01   1.6530258355701077E+00   1.0133836795141833E+00
         4         41   0.0000000000000000E+00   3.7343430011268932E+00   1.6925995156421741E-01   1.4891993171302023E-01
         4         42   0.0000000000000000E+00   1.5698939748661774E+01   1.4026622883340447E+00   8.1800756107634542E-01
